0.050400 0.050400
0.050399 0.050401
-0.049680 0.050401
-0.050480 0.049601
-0.050480 -0.050401
-0.050480 -0.050401
0.049599 -0.050401
0.050400 -0.049600
0.050400 0.050400


0.050560 0.050803
0.050559 0.050804
-0.049520 0.050804
-0.051120 0.049204
-0.051120 -0.050803
-0.051120 -0.050803
0.049118 -0.050803
0.050560 -0.049361
0.050560 0.050803


0.050560 0.051207
0.050559 0.051208
-0.049521 0.051208
-0.051920 0.048809
-0.051920 -0.051206
-0.051920 -0.051206
0.048477 -0.051206
0.050560 -0.049123
0.050560 0.051207


0.050480 0.051533
0.050399 0.051614
-0.049682 0.051614
-0.052880 0.048416
-0.052880 -0.051610
-0.052880 -0.051610
0.047677 -0.051610
0.050480 -0.048807
0.050480 0.051533


0.050320 0.051780
0.050079 0.052021
-0.050005 0.052021
-0.054000 0.048025
-0.054000 -0.052015
-0.054000 -0.052015
0.046717 -0.052015
0.050320 -0.048412
0.050320 0.051780


0.050000 0.052028
0.049599 0.052429
-0.050489 0.052429
-0.055280 0.047637
-0.055280 -0.052421
-0.055280 -0.052421
0.045599 -0.052421
0.050000 -0.048020
0.050000 0.052028


0.049520 0.052428
0.049111 0.052838
-0.051134 0.052838
-0.056720 0.047251
-0.056720 -0.052828
-0.056720 -0.052828
0.044322 -0.052828
0.049520 -0.047629
0.049520 0.052428


0.048880 0.052837
0.048470 0.053247
-0.051941 0.053247
-0.058320 0.046868
-0.058320 -0.053235
-0.058320 -0.053235
0.042887 -0.053235
0.048880 -0.047241
0.048880 0.052837


0.048080 0.053246
0.047670 0.053657
-0.052910 0.053657
-0.060081 0.046487
-0.060081 -0.053644
-0.060081 -0.053644
0.041293 -0.053644
0.048080 -0.046856
0.048080 0.053246


0.047121 0.053656
0.046709 0.054067
-0.054042 0.054067
-0.062001 0.046109
-0.062001 -0.054053
-0.062001 -0.054053
0.039541 -0.054053
0.047121 -0.046473
0.047121 0.053656


0.046001 0.054066
0.045589 0.054477
-0.055336 0.054477
-0.064081 0.045733
-0.064081 -0.054462
-0.064081 -0.054462
0.037632 -0.054462
0.046001 -0.046094
0.046001 0.054066


0.044721 0.054476
0.044310 0.054887
-0.056793 0.054887
-0.066321 0.045359
-0.066321 -0.054873
-0.066321 -0.054873
0.035566 -0.054873
0.044721 -0.045718
0.044721 0.054476


0.043281 0.054886
0.042871 0.055296
-0.058413 0.055296
-0.068721 0.044988
-0.068721 -0.055284
-0.068721 -0.055284
0.033342 -0.055284
0.043281 -0.045345
0.043281 0.054886


0.041681 0.055294
0.041272 0.055704
-0.060197 0.055704
-0.071282 0.044620
-0.071282 -0.055696
-0.071282 -0.055696
0.030961 -0.055696
0.041681 -0.044976
0.041681 0.055294


0.039922 0.055703
0.039513 0.056111
-0.062144 0.056111
-0.074002 0.044253
-0.074002 -0.056108
-0.074002 -0.056108
0.028424 -0.056108
0.039922 -0.044611
0.039922 0.055703


0.038002 0.056109
0.037595 0.056517
-0.064255 0.056517
-0.076882 0.043889
-0.076882 -0.056522
-0.076882 -0.056522
0.025730 -0.056522
0.038002 -0.044251
0.038002 0.056109


0.035922 0.056515
0.035517 0.056920
-0.066530 0.056920
-0.079923 0.043528
-0.079923 -0.056936
-0.079922 -0.056937
0.022880 -0.056937
0.035922 -0.043895
0.035922 0.056515


0.033683 0.056918
0.033279 0.057322
-0.068970 0.057322
-0.083123 0.043168
-0.083123 -0.057352
-0.083123 -0.057352
0.019875 -0.057352
0.033683 -0.043544
0.033683 0.056918


0.031283 0.057319
0.030882 0.057721
-0.071574 0.057721
-0.086484 0.042811
-0.086484 -0.057769
-0.086483 -0.057769
0.016713 -0.057769
0.031283 -0.043199
0.031283 0.057319


0.028724 0.057718
0.028325 0.058117
-0.074343 0.058117
-0.090004 0.042455
-0.090004 -0.058186
-0.090004 -0.058187
0.013396 -0.058187
0.028724 -0.042859
0.028724 0.057718


0.026005 0.058113
0.026004 0.058114
-0.074346 0.058114
-0.090005 0.042455
-0.090005 -0.058184
-0.090004 -0.058185
0.010346 -0.058185
0.026005 -0.042526
0.026005 0.058113


0.026005 0.058117
0.025559 0.058562
-0.092845 0.058562
-0.093645 0.057762
-0.093645 -0.058659
-0.093645 -0.058659
0.025532 -0.058659
0.026005 -0.058187
0.026005 0.058117


0.023165 0.058561
0.022722 0.059004
-0.095770 0.059004
-0.097366 0.057408
-0.097366 -0.059132
-0.097365 -0.059133
0.021892 -0.059133
0.023165 -0.057859
0.023165 0.058561


0.020246 0.059002
0.019804 0.059444
-0.098778 0.059444
-0.101167 0.057054
-0.101167 -0.059608
-0.101165 -0.059609
0.018174 -0.059609
0.020246 -0.057537
0.020246 0.059002


0.017247 0.059441
0.016808 0.059880
-0.101868 0.059880
-0.105048 0.056701
-0.105048 -0.060086
-0.105046 -0.060088
0.014379 -0.060088
0.017247 -0.057220
0.017247 0.059441


0.014168 0.059876
0.013731 0.060314
-0.105042 0.060314
-0.109009 0.056347
-0.109009 -0.060567
-0.109006 -0.060570
0.010507 -0.060570
0.014168 -0.056909
0.014168 0.059876


0.011010 0.060309
0.010574 0.060744
-0.108299 0.060744
-0.113050 0.055993
-0.113050 -0.061051
-0.113046 -0.061055
0.006558 -0.061055
0.011010 -0.056603
0.011010 0.060309


0.007771 0.060738
0.007338 0.061171
-0.111640 0.061171
-0.117172 0.055639
-0.117172 -0.061538
-0.117166 -0.061543
0.002532 -0.061543
0.007771 -0.056304
0.007771 0.060738


0.004453 0.061164
0.004022 0.061594
-0.115064 0.061594
-0.121373 0.055285
-0.121373 -0.062028
-0.121366 -0.062034
-0.001570 -0.062034
0.004453 -0.056011
0.004453 0.061164


0.001054 0.061586
0.000627 0.062013
-0.118572 0.062013
-0.125655 0.054930
-0.125655 -0.062521
-0.125646 -0.062529
-0.005749 -0.062529
0.001054 -0.055725
0.001054 0.061586


-0.002424 0.062003
-0.002849 0.062428
-0.122163 0.062428
-0.130016 0.054575
-0.130016 -0.063017
-0.130007 -0.063027
-0.010004 -0.063027
-0.002424 -0.055446
-0.002424 0.062003


-0.005982 0.062416
-0.006404 0.062838
-0.125839 0.062838
-0.134458 0.054219
-0.134458 -0.063517
-0.134447 -0.063528
-0.014336 -0.063528
-0.005982 -0.055174
-0.005982 0.062416


-0.009619 0.062825
-0.010038 0.063244
-0.129598 0.063244
-0.138980 0.053862
-0.138980 -0.064020
-0.138967 -0.064033
-0.018743 -0.064033
-0.009619 -0.054909
-0.009619 0.062825


-0.013337 0.063228
-0.013753 0.063644
-0.133442 0.063644
-0.143582 0.053505
-0.143582 -0.064527
-0.143567 -0.064542
-0.023227 -0.064542
-0.013337 -0.054652
-0.013337 0.063228


-0.017134 0.063627
-0.017547 0.064040
-0.137370 0.064040
-0.148264 0.053146
-0.148264 -0.065038
-0.148247 -0.065055
-0.027786 -0.065055
-0.017134 -0.054403
-0.017134 0.063627


-0.021011 0.064020
-0.021421 0.064429
-0.141383 0.064429
-0.153026 0.052786
-0.153026 -0.065552
-0.153007 -0.065572
-0.032421 -0.065572
-0.021011 -0.054162
-0.021011 0.064020


-0.024968 0.064407
-0.025374 0.064813
-0.145481 0.064813
-0.157869 0.052425
-0.157869 -0.066071
-0.157847 -0.066093
-0.037132 -0.066093
-0.024968 -0.053929
-0.024968 0.064407


-0.029005 0.064788
-0.029407 0.065191
-0.149663 0.065191
-0.162791 0.052062
-0.162791 -0.066594
-0.162767 -0.066618
-0.041918 -0.066618
-0.029005 -0.053705
-0.029005 0.064788


-0.033121 0.065163
-0.033520 0.065562
-0.153930 0.065562
-0.167794 0.051698
-0.167794 -0.067121
-0.167767 -0.067148
-0.046779 -0.067148
-0.033121 -0.053490
-0.033121 0.065163


-0.037317 0.065532
-0.037712 0.065927
-0.158281 0.065927
-0.172877 0.051332
-0.172877 -0.067653
-0.172846 -0.067683
-0.051715 -0.067683
-0.037317 -0.053285
-0.037317 0.065532


-0.041592 0.065893
-0.041984 0.066285
-0.162719 0.066285
-0.178040 0.050964
-0.178040 -0.068189
-0.178006 -0.068223
-0.056726 -0.068223
-0.041592 -0.053089
-0.041592 0.065893


-0.045947 0.066248
-0.045981 0.066282
-0.162722 0.066282
-0.178040 0.050964
-0.178040 -0.068186
-0.178007 -0.068220
-0.061265 -0.068220
-0.045947 -0.052902
-0.045947 0.066248


-0.045947 0.066284
-0.046378 0.066715
-0.182503 0.066715
-0.183303 0.065914
-0.183303 -0.068842
-0.183298 -0.068847
-0.046572 -0.068847
-0.045947 -0.068223
-0.045947 0.066284


-0.050402 0.066707
-0.050832 0.067138
-0.187092 0.067138
-0.188687 0.065543
-0.188687 -0.069467
-0.188676 -0.069478
-0.051833 -0.069478
-0.050402 -0.068047
-0.050402 0.066707


-0.054976 0.067124
-0.055406 0.067554
-0.191805 0.067554
-0.194191 0.065169
-0.194191 -0.070100
-0.194174 -0.070117
-0.057210 -0.070117
-0.054976 -0.067884
-0.054976 0.067124


-0.059670 0.067535
-0.060100 0.067964
-0.196643 0.067964
-0.199814 0.064793
-0.199814 -0.070742
-0.199792 -0.070764
-0.062702 -0.070764
-0.059670 -0.067732
-0.059670 0.067535


-0.064484 0.067938
-0.064912 0.068367
-0.201606 0.068367
-0.205558 0.064415
-0.205558 -0.071391
-0.205529 -0.071420
-0.068309 -0.071420
-0.064484 -0.067594
-0.064484 0.067938


-0.069417 0.068334
-0.069845 0.068762
-0.206695 0.068762
-0.211423 0.064034
-0.211423 -0.072049
-0.211387 -0.072085
-0.074032 -0.072085
-0.069417 -0.067469
-0.069417 0.068334


-0.074469 0.068722
-0.074896 0.069150
-0.211908 0.069150
-0.217407 0.063650
-0.217407 -0.072715
-0.217364 -0.072759
-0.079870 -0.072759
-0.074469 -0.067358
-0.074469 0.068722


-0.079641 0.069102
-0.080067 0.069529
-0.217246 0.069529
-0.223512 0.063263
-0.223512 -0.073391
-0.223461 -0.073442
-0.085822 -0.073442
-0.079641 -0.067261
-0.079641 0.069102


-0.084932 0.069473
-0.085358 0.069899
-0.222711 0.069899
-0.229737 0.062872
-0.229737 -0.074076
-0.229677 -0.074136
-0.091889 -0.074136
-0.084932 -0.067178
-0.084932 0.069473


-0.090342 0.069835
-0.090768 0.070260
-0.228301 0.070260
-0.236082 0.062478
-0.236082 -0.074770
-0.236014 -0.074839
-0.098071 -0.074839
-0.090342 -0.067111
-0.090342 0.069835


-0.095872 0.070186
-0.096297 0.070611
-0.234017 0.070611
-0.242548 0.062080
-0.242548 -0.075474
-0.242470 -0.075553
-0.104366 -0.075553
-0.095872 -0.067059
-0.095872 0.070186


-0.101521 0.070528
-0.101945 0.070952
-0.239859 0.070952
-0.249134 0.061677
-0.249134 -0.076189
-0.249046 -0.076277
-0.110775 -0.076277
-0.101521 -0.067023
-0.101521 0.070528


-0.107289 0.070858
-0.107713 0.071282
-0.245827 0.071282
-0.255840 0.061269
-0.255840 -0.076913
-0.255741 -0.077012
-0.117297 -0.077012
-0.107289 -0.067004
-0.107289 0.070858


-0.113177 0.071177
-0.113600 0.071600
-0.251923 0.071600
-0.262666 0.060857
-0.262666 -0.077648
-0.262556 -0.077758
-0.123933 -0.077758
-0.113177 -0.067002
-0.113177 0.071177


-0.119183 0.071485
-0.119606 0.071907
-0.258144 0.071907
-0.269613 0.060439
-0.269613 -0.078395
-0.269491 -0.078516
-0.130682 -0.078516
-0.119183 -0.067017
-0.119183 0.071485


-0.125309 0.071779
-0.125731 0.072201
-0.264493 0.072201
-0.276680 0.060015
-0.276680 -0.079152
-0.276546 -0.079286
-0.137544 -0.079286
-0.125309 -0.067051
-0.125309 0.071779


-0.131554 0.072061
-0.131975 0.072483
-0.270969 0.072483
-0.283867 0.059586
-0.283867 -0.079921
-0.283720 -0.080068
-0.144519 -0.080068
-0.131554 -0.067103
-0.131554 0.072061


-0.137917 0.072329
-0.138339 0.072751
-0.277573 0.072751
-0.291174 0.059150
-0.291174 -0.080702
-0.291013 -0.080863
-0.151606 -0.080863
-0.137917 -0.067174
-0.137917 0.072329


-0.144400 0.072583
-0.144821 0.073005
-0.284304 0.073005
-0.298602 0.058707
-0.298602 -0.081495
-0.298427 -0.081671
-0.158806 -0.081671
-0.144400 -0.067265
-0.144400 0.072583


-0.151001 0.072823
-0.151423 0.073245
-0.291162 0.073245
-0.306150 0.058257
-0.306150 -0.082301
-0.305960 -0.082491
-0.166117 -0.082491
-0.151001 -0.067376
-0.151001 0.072823


-0.157721 0.073047
-0.157911 0.073237
-0.291170 0.073237
-0.306150 0.058257
-0.306150 -0.082298
-0.305960 -0.082488
-0.172701 -0.082488
-0.157721 -0.067508
-0.157721 0.073047


-0.157721 0.073241
-0.158068 0.073588
-0.312976 0.073588
-0.313778 0.072785
-0.313778 -0.083420
-0.313758 -0.083441
-0.158670 -0.083441
-0.157721 -0.082491
-0.157721 0.073241


-0.164520 0.073562
-0.164877 0.073919
-0.319852 0.073919
-0.321447 0.072324
-0.321447 -0.084353
-0.321405 -0.084395
-0.166275 -0.084395
-0.164520 -0.082640
-0.164520 0.073562


-0.171358 0.073872
-0.171726 0.074239
-0.326775 0.074239
-0.329155 0.071858
-0.329155 -0.085293
-0.329092 -0.085357
-0.173912 -0.085357
-0.171358 -0.082803
-0.171358 0.073872


-0.178236 0.074170
-0.178614 0.074548
-0.333744 0.074548
-0.336904 0.071387
-0.336904 -0.086240
-0.336818 -0.086327
-0.181583 -0.086327
-0.178236 -0.082979
-0.178236 0.074170


-0.185152 0.074456
-0.185541 0.074846
-0.340759 0.074846
-0.344693 0.070911
-0.344693 -0.087195
-0.344584 -0.087304
-0.189287 -0.087304
-0.185152 -0.083169
-0.185152 0.074456


-0.192107 0.074731
-0.192508 0.075132
-0.347820 0.075132
-0.352523 0.070430
-0.352523 -0.088157
-0.352390 -0.088290
-0.197025 -0.088290
-0.192107 -0.083373
-0.192107 0.074731


-0.199101 0.074993
-0.199515 0.075407
-0.354928 0.075407
-0.360392 0.069943
-0.360392 -0.089126
-0.360235 -0.089284
-0.204795 -0.089284
-0.199101 -0.083591
-0.199101 0.074993


-0.206134 0.075243
-0.206561 0.075670
-0.362082 0.075670
-0.368302 0.069450
-0.368302 -0.090103
-0.368119 -0.090286
-0.212598 -0.090286
-0.206134 -0.083823
-0.206134 0.075243


-0.213207 0.075481
-0.213646 0.075921
-0.369283 0.075921
-0.376252 0.068952
-0.376252 -0.091088
-0.376043 -0.091297
-0.220434 -0.091297
-0.213207 -0.084069
-0.213207 0.075481


-0.220318 0.075707
-0.220771 0.076160
-0.376530 0.076160
-0.384242 0.068448
-0.384242 -0.092080
-0.384007 -0.092315
-0.228303 -0.092315
-0.220318 -0.084330
-0.220318 0.075707


-0.227467 0.075919
-0.227935 0.076387
-0.383823 0.076387
-0.392272 0.067938
-0.392272 -0.093081
-0.392010 -0.093343
-0.236204 -0.093343
-0.227467 -0.084606
-0.227467 0.075919


-0.234656 0.076119
-0.235139 0.076602
-0.391164 0.076602
-0.400343 0.067422
-0.400343 -0.094089
-0.400053 -0.094379
-0.244138 -0.094379
-0.234656 -0.084897
-0.234656 0.076119


-0.241883 0.076305
-0.242382 0.076804
-0.398550 0.076804
-0.408454 0.066901
-0.408454 -0.095105
-0.408135 -0.095424
-0.252104 -0.095424
-0.241883 -0.085203
-0.241883 0.076305


-0.249150 0.076479
-0.249664 0.076993
-0.405984 0.076993
-0.416605 0.066373
-0.416605 -0.096129
-0.416256 -0.096477
-0.260103 -0.096477
-0.249150 -0.085523
-0.249150 0.076479


-0.256454 0.076639
-0.256986 0.077170
-0.413465 0.077170
-0.424796 0.065839
-0.424796 -0.097161
-0.424417 -0.097540
-0.268134 -0.097540
-0.256454 -0.085860
-0.256454 0.076639


-0.263798 0.076785
-0.264346 0.077333
-0.420992 0.077333
-0.433027 0.065298
-0.433027 -0.098202
-0.432618 -0.098611
-0.276197 -0.098611
-0.263798 -0.086212
-0.263798 0.076785


-0.271180 0.076918
-0.271746 0.077484
-0.428566 0.077484
-0.441299 0.064752
-0.441299 -0.099251
-0.440858 -0.099692
-0.284293 -0.099692
-0.271180 -0.086579
-0.271180 0.076918


-0.278601 0.077036
-0.279186 0.077621
-0.436188 0.077621
-0.449610 0.064198
-0.449610 -0.100308
-0.449137 -0.100781
-0.292420 -0.100781
-0.278601 -0.086962
-0.278601 0.077036


-0.286061 0.077141
-0.286664 0.077745
-0.443856 0.077745
-0.457962 0.063638
-0.457962 -0.101374
-0.457456 -0.101881
-0.300579 -0.101881
-0.286061 -0.087362
-0.286061 0.077141


-0.293559 0.077231
-0.294182 0.077854
-0.451571 0.077854
-0.466355 0.063071
-0.466355 -0.102449
-0.465814 -0.102989
-0.308770 -0.102989
-0.293559 -0.087777
-0.293559 0.077231


-0.301095 0.077307
-0.301635 0.077848
-0.451579 0.077848
-0.466355 0.063071
-0.466355 -0.102445
-0.465815 -0.102986
-0.315871 -0.102986
-0.301095 -0.088209
-0.301095 0.077307


-0.301095 0.077851
-0.301325 0.078082
-0.474064 0.078082
-0.474868 0.077278
-0.474868 -0.104202
-0.474824 -0.104245
-0.302351 -0.104245
-0.301095 -0.102989
-0.301095 0.077851


-0.308750 0.078032
-0.309011 0.078294
-0.481985 0.078294
-0.483581 0.076698
-0.483581 -0.105433
-0.483493 -0.105521
-0.310826 -0.105521
-0.308750 -0.103444
-0.308750 0.078032


-0.316602 0.078199
-0.316895 0.078492
-0.490115 0.078492
-0.492494 0.076112
-0.492494 -0.106685
-0.492360 -0.106820
-0.319493 -0.106820
-0.316602 -0.103929
-0.316602 0.078199


-0.324653 0.078351
-0.324978 0.078676
-0.498452 0.078676
-0.501609 0.075519
-0.501609 -0.107960
-0.501426 -0.108142
-0.328352 -0.108142
-0.324653 -0.104443
-0.324653 0.078351


-0.332901 0.078487
-0.333260 0.078846
-0.506997 0.078846
-0.510923 0.074920
-0.510923 -0.109257
-0.510692 -0.109488
-0.337401 -0.109488
-0.332901 -0.104989
-0.332901 0.078487


-0.341348 0.078607
-0.341741 0.079000
-0.515751 0.079000
-0.520439 0.074313
-0.520439 -0.110576
-0.520156 -0.110858
-0.346640 -0.110858
-0.341348 -0.105566
-0.341348 0.078607


-0.349992 0.078710
-0.350420 0.079139
-0.524714 0.079139
-0.530155 0.073698
-0.530155 -0.111917
-0.529819 -0.112253
-0.356070 -0.112253
-0.349992 -0.106175
-0.349992 0.078710


-0.358833 0.078796
-0.359299 0.079261
-0.533886 0.079261
-0.540072 0.073076
-0.540072 -0.113282
-0.539682 -0.113672
-0.365689 -0.113672
-0.358833 -0.106816
-0.358833 0.078796


-0.367872 0.078863
-0.368376 0.079367
-0.543267 0.079367
-0.550189 0.072445
-0.550189 -0.114669
-0.549743 -0.115116
-0.375498 -0.115116
-0.367872 -0.107490
-0.367872 0.078863


-0.377109 0.078912
-0.377651 0.079454
-0.552859 0.079454
-0.560507 0.071806
-0.560507 -0.116080
-0.560002 -0.116585
-0.385495 -0.116585
-0.377109 -0.108198
-0.377109 0.078912


-0.386542 0.078941
-0.387125 0.079524
-0.562660 0.079524
-0.571025 0.071159
-0.571025 -0.117515
-0.570461 -0.118079
-0.395681 -0.118079
-0.386542 -0.108941
-0.386542 0.078941


-0.396174 0.078951
-0.396798 0.079575
-0.572672 0.079575
-0.581744 0.070502
-0.581744 -0.118973
-0.581118 -0.119599
-0.406055 -0.119599
-0.396174 -0.109718
-0.396174 0.078951


-0.406002 0.078940
-0.406668 0.079606
-0.582894 0.079606
-0.592664 0.069836
-0.592664 -0.120455
-0.591975 -0.121145
-0.416616 -0.121145
-0.406002 -0.110531
-0.406002 0.078940


-0.416027 0.078907
-0.416738 0.079618
-0.593328 0.079618
-0.603785 0.069161
-0.603785 -0.121962
-0.603030 -0.122717
-0.427365 -0.122717
-0.416027 -0.111380
-0.416027 0.078907


-0.426250 0.078853
-0.427005 0.079608
-0.603973 0.079608
-0.615106 0.068475
-0.615106 -0.123494
-0.614283 -0.124317
-0.438301 -0.124317
-0.426250 -0.112266
-0.426250 0.078853


-0.436669 0.078775
-0.437492 0.079598
-0.614810 0.079598
-0.626628 0.067780
-0.626628 -0.125050
-0.625735 -0.125943
-0.449423 -0.125943
-0.436669 -0.113189
-0.436669 0.078775


-0.447285 0.078674
-0.448178 0.079566
-0.625857 0.079566
-0.638350 0.067073
-0.638350 -0.126632
-0.637386 -0.127597
-0.460732 -0.127597
-0.447285 -0.114150
-0.447285 0.078674


-0.458098 0.078549
-0.459062 0.079513
-0.637116 0.079513
-0.650274 0.066355
-0.650274 -0.128240
-0.649235 -0.129278
-0.472226 -0.129278
-0.458098 -0.115150
-0.458098 0.078549


-0.469108 0.078399
-0.470146 0.079437
-0.648587 0.079437
-0.662398 0.065626
-0.662398 -0.129873
-0.661283 -0.130988
-0.483905 -0.130988
-0.469108 -0.116190
-0.469108 0.078399


-0.480314 0.078224
-0.481428 0.079338
-0.660270 0.079338
-0.674722 0.064885
-0.674722 -0.131533
-0.673530 -0.132726
-0.495770 -0.132726
-0.480314 -0.117270
-0.480314 0.078224


-0.491716 0.078022
-0.492908 0.079214
-0.660394 0.079214
-0.674723 0.064885
-0.674723 -0.131528
-0.673531 -0.132719
-0.506045 -0.132719
-0.491716 -0.118391
-0.491716 0.078022

