0.050401 0.050480
0.050401 0.050480
-0.049601 0.050480
-0.050401 0.049680
-0.050401 -0.050399
-0.050400 -0.050400
0.049600 -0.050400
0.050401 -0.049599
0.050401 0.050480


0.050803 0.051120
0.050803 0.051120
-0.049203 0.051120
-0.050803 0.049520
-0.050803 -0.050559
-0.050802 -0.050560
0.049361 -0.050560
0.050803 -0.049117
0.050803 0.051120


0.051207 0.051920
0.051207 0.051920
-0.048807 0.051920
-0.051206 0.049521
-0.051206 -0.050559
-0.051205 -0.050560
0.049124 -0.050560
0.051207 -0.048476
0.051207 0.051920


0.051613 0.052880
0.051613 0.052880
-0.048413 0.052880
-0.051611 0.049682
-0.051611 -0.050399
-0.051530 -0.050480
0.048808 -0.050480
0.051613 -0.047676
0.051613 0.052880


0.052019 0.054000
0.052019 0.054000
-0.048021 0.054000
-0.052017 0.050005
-0.052017 -0.050079
-0.051776 -0.050320
0.048415 -0.050320
0.052019 -0.046716
0.052019 0.054000


0.052426 0.055280
0.052426 0.055280
-0.047632 0.055280
-0.052423 0.050489
-0.052423 -0.049599
-0.052022 -0.050000
0.048024 -0.050000
0.052426 -0.045598
0.052426 0.055280


0.052835 0.056720
0.052834 0.056720
-0.047245 0.056720
-0.052831 0.051134
-0.052831 -0.049112
-0.052423 -0.049520
0.047635 -0.049520
0.052835 -0.044321
0.052835 0.056720


0.053243 0.058320
0.053243 0.058320
-0.046860 0.058320
-0.053239 0.051941
-0.053239 -0.048471
-0.052830 -0.048880
0.047248 -0.048880
0.053243 -0.042886
0.053243 0.058320


0.053652 0.060080
0.053652 0.060081
-0.046479 0.060081
-0.053649 0.052911
-0.053649 -0.047670
-0.053238 -0.048080
0.046864 -0.048080
0.053652 -0.041292
0.053652 0.060080


0.054061 0.062001
0.054061 0.062001
-0.046100 0.062001
-0.054059 0.054042
-0.054059 -0.046709
-0.053648 -0.047121
0.046482 -0.047121
0.054061 -0.039542
0.054061 0.062001


0.054470 0.064081
0.054470 0.064081
-0.045725 0.064081
-0.054470 0.055336
-0.054470 -0.045588
-0.054058 -0.046001
0.046102 -0.046001
0.054470 -0.037633
0.054470 0.064081


0.054878 0.066321
0.054878 0.066321
-0.045354 0.066321
-0.054882 0.056793
-0.054882 -0.044308
-0.054469 -0.044721
0.045725 -0.044721
0.054878 -0.035568
0.054878 0.066321


0.055285 0.068721
0.055285 0.068721
-0.044987 0.068721
-0.055295 0.058413
-0.055295 -0.042867
-0.054880 -0.043281
0.045350 -0.043281
0.055285 -0.033346
0.055285 0.068721


0.055692 0.071282
0.055692 0.071282
-0.044623 0.071282
-0.055708 0.060197
-0.055708 -0.041266
-0.055293 -0.041681
0.044977 -0.041681
0.055692 -0.030967
0.055692 0.071282


0.056097 0.074002
0.056097 0.074002
-0.044265 0.074002
-0.056123 0.062144
-0.056123 -0.039505
-0.055706 -0.039922
0.044607 -0.039922
0.056097 -0.028432
0.056097 0.074002


0.056500 0.076882
0.056500 0.076882
-0.043911 0.076882
-0.056538 0.064255
-0.056538 -0.037584
-0.056121 -0.038002
0.044239 -0.038002
0.056500 -0.025740
0.056500 0.076882


0.056902 0.079923
0.056902 0.079923
-0.043562 0.079923
-0.056955 0.066530
-0.056955 -0.035504
-0.056536 -0.035922
0.043873 -0.035922
0.056902 -0.022893
0.056902 0.079923


0.057301 0.083123
0.057301 0.083123
-0.043219 0.083123
-0.057373 0.068969
-0.057373 -0.033263
-0.056953 -0.033683
0.043509 -0.033683
0.057301 -0.019890
0.057301 0.083123


0.057698 0.086483
0.057698 0.086483
-0.042881 0.086483
-0.057792 0.071573
-0.057792 -0.030862
-0.057371 -0.031283
0.043147 -0.031283
0.057698 -0.016732
0.057698 0.086483


0.058091 0.090004
0.058091 0.090004
-0.042550 0.090004
-0.058213 0.074342
-0.058213 -0.028301
-0.057790 -0.028724
0.042787 -0.028724
0.058091 -0.013419
0.058091 0.090004


0.058089 0.090004
0.058089 0.090004
-0.042550 0.090004
-0.058210 0.074344
-0.058210 -0.026004
-0.058210 -0.026004
0.042429 -0.026004
0.058089 -0.010344
0.058089 0.090004


0.058534 0.093645
0.058534 0.093645
-0.057887 0.093645
-0.058687 0.092844
-0.058687 -0.025529
-0.058213 -0.026004
0.058091 -0.026004
0.058534 -0.025561
0.058534 0.093645


0.058974 0.097366
0.058974 0.097366
-0.057566 0.097366
-0.059164 0.095768
-0.059164 -0.022687
-0.058686 -0.023165
0.057734 -0.023165
0.058974 -0.021925
0.058974 0.097366


0.059410 0.101167
0.059410 0.101167
-0.057251 0.101167
-0.059643 0.098775
-0.059643 -0.019766
-0.059162 -0.020246
0.057376 -0.020246
0.059410 -0.018212
0.059410 0.101167


0.059844 0.105048
0.059844 0.105048
-0.056942 0.105048
-0.060125 0.101865
-0.060125 -0.016764
-0.059641 -0.017247
0.057019 -0.017247
0.059844 -0.014422
0.059844 0.105048


0.060275 0.109009
0.060275 0.109009
-0.056639 0.109009
-0.060609 0.105038
-0.060609 -0.013682
-0.060123 -0.014168
0.056662 -0.014168
0.060275 -0.010555
0.060275 0.109009


0.060702 0.113050
0.060702 0.113050
-0.056341 0.113050
-0.061097 0.108294
-0.061097 -0.010520
-0.060608 -0.011009
0.056304 -0.011009
0.060702 -0.006611
0.060702 0.113050


0.061126 0.117171
0.061126 0.117171
-0.056050 0.117171
-0.061588 0.111633
-0.061588 -0.007278
-0.061095 -0.007771
0.055946 -0.007771
0.061126 -0.002591
0.061126 0.117171


0.061546 0.121372
0.061546 0.121372
-0.055766 0.121372
-0.062082 0.115056
-0.062082 -0.003956
-0.061586 -0.004452
0.055588 -0.004452
0.061546 0.001506
0.061546 0.121372


0.061962 0.125653
0.061962 0.125653
-0.055488 0.125653
-0.062580 0.118562
-0.062580 -0.000554
-0.062080 -0.001054
0.055230 -0.001054
0.061962 0.005679
0.061962 0.125653


0.062374 0.130014
0.062373 0.130015
-0.055218 0.130015
-0.063081 0.122152
-0.063081 0.002927
-0.062578 0.002424
0.054870 0.002424
0.062374 0.009928
0.062374 0.130014


0.062781 0.134456
0.062780 0.134456
-0.054954 0.134456
-0.063585 0.125825
-0.063585 0.006489
-0.063079 0.005983
0.054510 0.005983
0.062781 0.014253
0.062781 0.134456


0.063183 0.138977
0.063183 0.138978
-0.054699 0.138978
-0.064094 0.129582
-0.064094 0.010131
-0.063583 0.009621
0.054150 0.009621
0.063183 0.018654
0.063183 0.138977


0.063580 0.143578
0.063580 0.143579
-0.054451 0.143579
-0.064606 0.133424
-0.064606 0.013853
-0.064092 0.013339
0.053788 0.013339
0.063580 0.023131
0.063580 0.143578


0.063972 0.148260
0.063971 0.148260
-0.054211 0.148260
-0.065122 0.137349
-0.065122 0.017655
-0.064604 0.017136
0.053425 0.017136
0.063972 0.027684
0.063972 0.148260


0.064358 0.153021
0.064358 0.153022
-0.053979 0.153022
-0.065643 0.141359
-0.065643 0.021537
-0.065120 0.021014
0.053060 0.021014
0.064358 0.032312
0.064358 0.153021


0.064739 0.157863
0.064738 0.157864
-0.053756 0.157864
-0.066167 0.145453
-0.066167 0.025498
-0.065640 0.024971
0.052695 0.024971
0.064739 0.037015
0.064739 0.157863


0.065113 0.162784
0.065112 0.162785
-0.053542 0.162785
-0.066696 0.149631
-0.066696 0.029540
-0.066165 0.029009
0.052327 0.029009
0.065113 0.041794
0.065113 0.162784


0.065481 0.167786
0.065480 0.167787
-0.053337 0.167787
-0.067230 0.153894
-0.067230 0.033662
-0.066694 0.033126
0.051958 0.033126
0.065481 0.046648
0.065481 0.167786


0.065842 0.172867
0.065840 0.172868
-0.053142 0.172868
-0.067769 0.158242
-0.067769 0.037864
-0.067227 0.037323
0.051587 0.037323
0.065842 0.051577
0.065842 0.172867


0.066196 0.178029
0.066194 0.178030
-0.052956 0.178030
-0.068312 0.162674
-0.068312 0.042145
-0.067766 0.041599
0.051214 0.041599
0.066196 0.056581
0.066196 0.178029


0.066192 0.178030
0.066192 0.178030
-0.052956 0.178030
-0.068309 0.162677
-0.068309 0.045956
-0.068309 0.045956
0.050839 0.045956
0.066192 0.061309
0.066192 0.178030


0.066622 0.183293
0.066621 0.183293
-0.068135 0.183293
-0.068940 0.182488
-0.068940 0.046584
-0.068312 0.045956
0.066195 0.045956
0.066622 0.046383
0.066622 0.183293


0.067041 0.188676
0.067040 0.188677
-0.067970 0.188677
-0.069575 0.187072
-0.069575 0.051047
-0.068938 0.050410
0.065816 0.050410
0.067041 0.051635
0.067041 0.188676


0.067453 0.194179
0.067452 0.194180
-0.067817 0.194180
-0.070218 0.191779
-0.070218 0.055630
-0.069573 0.054984
0.065435 0.054984
0.067453 0.057003
0.067453 0.194179


0.067859 0.199802
0.067857 0.199804
-0.067676 0.199804
-0.070869 0.196611
-0.070869 0.060332
-0.070215 0.059678
0.065051 0.059678
0.067859 0.062486
0.067859 0.199802


0.068258 0.205546
0.068256 0.205547
-0.067549 0.205547
-0.071529 0.201567
-0.071529 0.065155
-0.070867 0.064492
0.064665 0.064492
0.068258 0.068085
0.068258 0.205546


0.068649 0.211409
0.068647 0.211411
-0.067435 0.211411
-0.072199 0.206647
-0.072199 0.070097
-0.071527 0.069425
0.064276 0.069425
0.068649 0.073798
0.068649 0.211409


0.069032 0.217393
0.069029 0.217395
-0.067335 0.217395
-0.072877 0.211852
-0.072877 0.075159
-0.072196 0.074478
0.063883 0.074478
0.069032 0.079626
0.069032 0.217393


0.069406 0.223496
0.069404 0.223499
-0.067249 0.223499
-0.073565 0.217182
-0.073565 0.080341
-0.072874 0.079650
0.063487 0.079650
0.069406 0.085569
0.069406 0.223496


0.069772 0.229720
0.069769 0.229723
-0.067177 0.229723
-0.074263 0.222637
-0.074263 0.085643
-0.073562 0.084942
0.063088 0.084942
0.069772 0.091626
0.069772 0.229720


0.070128 0.236064
0.070125 0.236067
-0.067121 0.236067
-0.074971 0.228217
-0.074971 0.091065
-0.074260 0.090353
0.062684 0.090353
0.070128 0.097797
0.070128 0.236064


0.070474 0.242527
0.070471 0.242531
-0.067081 0.242531
-0.075690 0.233922
-0.075690 0.096607
-0.074967 0.095884
0.062276 0.095884
0.070474 0.104082
0.070474 0.242527


0.070810 0.249111
0.070806 0.249115
-0.067056 0.249115
-0.076419 0.239752
-0.076419 0.102268
-0.075685 0.101535
0.061863 0.101535
0.070810 0.110481
0.070810 0.249111


0.071135 0.255815
0.071131 0.255819
-0.067049 0.255819
-0.077159 0.245708
-0.077159 0.108049
-0.076414 0.107304
0.061445 0.107304
0.071135 0.116994
0.071135 0.255815


0.071448 0.262638
0.071444 0.262643
-0.067058 0.262643
-0.077910 0.251790
-0.077910 0.113950
-0.077154 0.113193
0.061022 0.113193
0.071448 0.123620
0.071448 0.262638


0.071750 0.269582
0.071745 0.269586
-0.067085 0.269586
-0.078674 0.257998
-0.078674 0.119970
-0.077905 0.119202
0.060593 0.119202
0.071750 0.130359
0.071750 0.269582


0.072039 0.276645
0.072034 0.276650
-0.067130 0.276650
-0.079449 0.264331
-0.079449 0.126111
-0.078668 0.125330
0.060158 0.125330
0.072039 0.137210
0.072039 0.276645


0.072315 0.283828
0.072309 0.283834
-0.067193 0.283834
-0.080236 0.270791
-0.080236 0.132370
-0.079443 0.131577
0.059717 0.131577
0.072315 0.144175
0.072315 0.283828


0.072578 0.291132
0.072571 0.291138
-0.067276 0.291138
-0.081036 0.277377
-0.081036 0.138750
-0.080230 0.137944
0.059269 0.137944
0.072578 0.151252
0.072578 0.291132


0.072826 0.298555
0.072819 0.298561
-0.067378 0.298561
-0.081850 0.284090
-0.081850 0.145249
-0.081030 0.144430
0.058814 0.144430
0.072826 0.158442
0.072826 0.298555


0.073060 0.306097
0.073053 0.306105
-0.067500 0.306105
-0.082676 0.290929
-0.082676 0.151868
-0.081843 0.151035
0.058351 0.151035
0.073060 0.165744
0.073060 0.306097


0.073053 0.306101
0.073049 0.306105
-0.067501 0.306105
-0.082672 0.290933
-0.082672 0.157763
-0.082669 0.157759
0.057881 0.157759
0.073053 0.172931
0.073053 0.306101


0.073398 0.313730
0.073395 0.313733
-0.082810 0.313733
-0.083631 0.312912
-0.083631 0.158714
-0.082676 0.157759
0.073056 0.157759
0.073398 0.158100
0.073398 0.313730


0.073723 0.321398
0.073719 0.321401
-0.082957 0.321401
-0.084591 0.319767
-0.084591 0.165521
-0.083628 0.164558
0.072574 0.164558
0.073723 0.165706
0.073723 0.321398


0.074037 0.329105
0.074033 0.329109
-0.083117 0.329109
-0.085559 0.326667
-0.085559 0.172367
-0.084588 0.171396
0.072086 0.171396
0.074037 0.173346
0.074037 0.329105


0.074340 0.336852
0.074336 0.336857
-0.083290 0.336857
-0.086535 0.333613
-0.086535 0.179253
-0.085555 0.178273
0.071593 0.178273
0.074340 0.181020
0.074340 0.336852


0.074632 0.344640
0.074627 0.344644
-0.083477 0.344644
-0.087518 0.340603
-0.087518 0.186178
-0.086530 0.185190
0.071093 0.185190
0.074632 0.188728
0.074632 0.344640


0.074912 0.352467
0.074907 0.352472
-0.083677 0.352472
-0.088510 0.347639
-0.088510 0.193143
-0.087513 0.192146
0.070588 0.192146
0.074912 0.196470
0.074912 0.352467


0.075181 0.360334
0.075175 0.360340
-0.083891 0.360340
-0.089510 0.354721
-0.089510 0.200146
-0.088504 0.199141
0.070077 0.199141
0.075181 0.204245
0.075181 0.360334


0.075438 0.368241
0.075432 0.368247
-0.084118 0.368247
-0.090518 0.361847
-0.090518 0.207190
-0.089504 0.206176
0.069560 0.206176
0.075438 0.212054
0.075438 0.368241


0.075683 0.376187
0.075676 0.376194
-0.084360 0.376194
-0.091534 0.369020
-0.091534 0.214273
-0.090511 0.213249
0.069036 0.213249
0.075683 0.219897
0.075683 0.376187


0.075916 0.384174
0.075909 0.384181
-0.084615 0.384181
-0.092559 0.376237
-0.092559 0.221395
-0.091527 0.220363
0.068506 0.220363
0.075916 0.227773
0.075916 0.384174


0.076137 0.392200
0.076129 0.392208
-0.084885 0.392208
-0.093592 0.383500
-0.093592 0.228556
-0.092551 0.227515
0.067970 0.227515
0.076137 0.235682
0.076137 0.392200


0.076346 0.400266
0.076337 0.400275
-0.085169 0.400275
-0.094634 0.390809
-0.094634 0.235757
-0.093584 0.234706
0.067427 0.234706
0.076346 0.243625
0.076346 0.400266


0.076542 0.408372
0.076532 0.408381
-0.085467 0.408381
-0.095685 0.398163
-0.095685 0.242997
-0.094625 0.241937
0.066877 0.241937
0.076542 0.251602
0.076542 0.408372


0.076725 0.416517
0.076715 0.416527
-0.085781 0.416527
-0.096745 0.405563
-0.096745 0.250276
-0.095676 0.249207
0.066321 0.249207
0.076725 0.259611
0.076725 0.416517


0.076896 0.424702
0.076885 0.424713
-0.086109 0.424713
-0.097814 0.413008
-0.097814 0.257595
-0.096735 0.256516
0.065758 0.256516
0.076896 0.267654
0.076896 0.424702


0.077053 0.432927
0.077041 0.432939
-0.086452 0.432939
-0.098891 0.420499
-0.098891 0.264953
-0.097802 0.263864
0.065188 0.263864
0.077053 0.275729
0.077053 0.432927


0.077197 0.441191
0.077185 0.441204
-0.086810 0.441204
-0.099978 0.428036
-0.099978 0.272350
-0.098879 0.271251
0.064611 0.271251
0.077197 0.283838
0.077197 0.441191


0.077328 0.449495
0.077315 0.449509
-0.087184 0.449509
-0.101074 0.435618
-0.101074 0.279787
-0.099965 0.278678
0.064026 0.278678
0.077328 0.291980
0.077328 0.449495


0.077445 0.457839
0.077431 0.457853
-0.087573 0.457853
-0.102180 0.443247
-0.102180 0.287263
-0.101061 0.286143
0.063435 0.286143
0.077445 0.300154
0.077445 0.457839


0.077549 0.466222
0.077534 0.466238
-0.087978 0.466238
-0.103295 0.450921
-0.103295 0.294778
-0.102165 0.293648
0.062835 0.293648
0.077549 0.308362
0.077549 0.466222


0.077542 0.466226
0.077530 0.466238
-0.087978 0.466238
-0.103291 0.450924
-0.103291 0.301204
-0.103279 0.301192
0.062229 0.301192
0.077542 0.316505
0.077542 0.466226


0.077770 0.474746
0.077766 0.474750
-0.103713 0.474750
-0.104557 0.473906
-0.104557 0.302453
-0.103295 0.301191
0.077545 0.301191
0.077770 0.301416
0.077770 0.474746


0.077975 0.483457
0.077970 0.483462
-0.104160 0.483462
-0.105839 0.481783
-0.105839 0.310132
-0.104553 0.308846
0.076923 0.308846
0.077975 0.309898
0.077975 0.483457


0.078166 0.492369
0.078160 0.492375
-0.104635 0.492375
-0.107145 0.489865
-0.107145 0.318009
-0.105834 0.316698
0.076292 0.316698
0.078166 0.318572
0.078166 0.492369


0.078344 0.501480
0.078336 0.501487
-0.105140 0.501487
-0.108474 0.498154
-0.108474 0.326085
-0.107138 0.324749
0.075654 0.324749
0.078344 0.327439
0.078344 0.501480


0.078506 0.510791
0.078497 0.510800
-0.105676 0.510800
-0.109827 0.506648
-0.109827 0.334360
-0.108466 0.332999
0.075007 0.332999
0.078506 0.336498
0.078506 0.510791


0.078653 0.520302
0.078643 0.520312
-0.106241 0.520312
-0.111205 0.515349
-0.111205 0.342833
-0.109818 0.341446
0.074351 0.341446
0.078653 0.345749
0.078653 0.520302


0.078785 0.530014
0.078773 0.530025
-0.106838 0.530025
-0.112607 0.524256
-0.112607 0.351504
-0.111194 0.350092
0.073686 0.350092
0.078785 0.355191
0.078785 0.530014


0.078899 0.539925
0.078887 0.539938
-0.107466 0.539938
-0.114033 0.533370
-0.114033 0.360374
-0.112595 0.358936
0.073012 0.358936
0.078899 0.364823
0.078899 0.539925


0.078997 0.550036
0.078983 0.550050
-0.108126 0.550050
-0.115485 0.542691
-0.115485 0.369443
-0.114020 0.367978
0.072328 0.367978
0.078997 0.374647
0.078997 0.550036


0.079077 0.560346
0.079061 0.560363
-0.108819 0.560363
-0.116961 0.552220
-0.116961 0.378710
-0.115470 0.377218
0.071635 0.377218
0.079077 0.384661
0.079077 0.560346


0.079139 0.570857
0.079121 0.570875
-0.109545 0.570875
-0.118464 0.561956
-0.118464 0.388175
-0.116945 0.386657
0.070931 0.386657
0.079139 0.394865
0.079139 0.570857


0.079181 0.581567
0.079162 0.581587
-0.110305 0.581587
-0.119992 0.571900
-0.119992 0.397839
-0.118446 0.396293
0.070216 0.396293
0.079181 0.405258
0.079181 0.581567


0.079204 0.592478
0.079183 0.592499
-0.111100 0.592499
-0.121546 0.582052
-0.121546 0.407701
-0.119972 0.406127
0.069490 0.406127
0.079204 0.415841
0.079204 0.592478


0.079207 0.603587
0.079184 0.603611
-0.111929 0.603611
-0.123127 0.592413
-0.123127 0.417762
-0.121524 0.416159
0.068754 0.416159
0.079207 0.426613
0.079207 0.603587


0.079197 0.614889
0.079164 0.614922
-0.112795 0.614922
-0.124735 0.602982
-0.124735 0.428021
-0.123104 0.426389
0.068005 0.426389
0.079197 0.437581
0.079197 0.614889


0.079179 0.626377
0.079122 0.626434
-0.113697 0.626434
-0.126370 0.613760
-0.126370 0.438478
-0.124709 0.436817
0.067244 0.436817
0.079179 0.448751
0.079179 0.626377


0.079139 0.638064
0.079058 0.638144
-0.114635 0.638144
-0.128033 0.624747
-0.128033 0.449133
-0.126342 0.447442
0.066471 0.447442
0.079139 0.460110
0.079139 0.638064


0.079076 0.649949
0.078971 0.650055
-0.115612 0.650055
-0.129723 0.635943
-0.129723 0.459986
-0.128003 0.458266
0.065685 0.458266
0.079076 0.471657
0.079076 0.649949


0.078991 0.662034
0.078860 0.662165
-0.116626 0.662165
-0.131442 0.647349
-0.131442 0.471038
-0.129691 0.469286
0.064886 0.469286
0.078991 0.483392
0.078991 0.662034


0.078882 0.674317
0.078724 0.674475
-0.117680 0.674475
-0.133190 0.658965
-0.133190 0.482287
-0.131407 0.480505
0.064073 0.480505
0.078882 0.495314
0.078882 0.674317


0.078749 0.674444
0.078718 0.674475
-0.117680 0.674475
-0.133184 0.658971
-0.133184 0.491952
-0.133152 0.491921
0.063246 0.491921
0.078749 0.507424
0.078749 0.674444

