0.180200 0.107604
0.179800 0.108004
0.008004 0.108004
-0.000000 0.100000
-0.000000 -0.000000
0.000003 -0.000003
0.180190 -0.000003
0.180200 0.000007
0.180200 0.107604


0.260400 0.115232
0.259598 0.116034
0.087640 0.116034
0.079600 0.107994
0.079600 0.000401
0.080000 0.000001
0.260370 0.000001
0.260400 0.000030
0.260400 0.115232


0.340600 0.122906
0.339391 0.124115
0.167298 0.124115
0.159197 0.116014
0.159197 0.000831
0.160000 0.000027
0.340522 0.000027
0.340600 0.000105
0.340600 0.122906


0.420800 0.130649
0.419176 0.132272
0.246977 0.132272
0.238789 0.124085
0.238789 0.001317
0.240000 0.000105
0.420647 0.000105
0.420800 0.000258
0.420800 0.130649


0.500999 0.138484
0.498951 0.140532
0.326673 0.140532
0.318373 0.132232
0.318373 0.001887
0.320000 0.000260
0.500747 0.000260
0.500999 0.000512
0.500999 0.138484


0.581198 0.146433
0.578713 0.148919
0.406385 0.148919
0.397947 0.140480
0.397947 0.002570
0.400000 0.000516
0.580820 0.000516
0.581198 0.000895
0.581198 0.146433


0.661396 0.154520
0.658458 0.157458
0.486110 0.157458
0.477507 0.148856
0.477507 0.003393
0.479999 0.000901
0.660866 0.000901
0.661396 0.001431
0.661396 0.154520


0.741593 0.162767
0.738184 0.166176
0.565843 0.166176
0.557052 0.157384
0.557052 0.004385
0.559998 0.001439
0.740885 0.001439
0.741593 0.002147
0.741593 0.162767


0.821788 0.171196
0.817887 0.175097
0.645583 0.175097
0.636577 0.166090
0.636577 0.005573
0.639995 0.002155
0.820877 0.002155
0.821788 0.003066
0.821788 0.171196


0.901980 0.179831
0.897565 0.184246
0.725327 0.184246
0.716079 0.174999
0.716079 0.006985
0.719989 0.003075
0.900839 0.003075
0.901980 0.004216
0.901980 0.179831


0.901981 0.179820
0.897556 0.184246
0.795667 0.184246
0.795556 0.184135
0.795556 0.008650
0.799981 0.004225
0.901870 0.004225
0.901981 0.004335
0.901981 0.179820


0.942076 0.188651
0.941811 0.188915
0.800223 0.188915
0.795553 0.184246
0.795553 0.004224
0.795553 0.004224
0.941433 0.004224
0.942076 0.004867
0.942076 0.188651


0.982169 0.193118
0.981631 0.193656
0.840029 0.193656
0.835281 0.188908
0.835281 0.005160
0.835548 0.004893
0.981451 0.004893
0.982169 0.005611
0.982169 0.193118


1.022260 0.197657
1.021440 0.198478
0.879835 0.198478
0.875000 0.193642
0.875000 0.006176
0.875541 0.005635
1.021459 0.005635
1.022260 0.006436
1.022260 0.197657


1.062350 0.202277
1.061239 0.203388
0.919641 0.203388
0.914709 0.198457
0.914709 0.007281
0.915533 0.006458
1.061456 0.006458
1.062350 0.007352
1.062350 0.202277


1.102437 0.206985
1.101025 0.208397
0.959444 0.208397
0.954407 0.203360
0.954407 0.008485
0.955522 0.007370
1.101442 0.007370
1.102437 0.008365
1.102437 0.206985


1.142522 0.211788
1.140798 0.213511
0.999244 0.213511
0.994094 0.208361
0.994094 0.009797
0.995510 0.008381
1.141416 0.008381
1.142522 0.009486
1.142522 0.211788


1.182603 0.216694
1.180556 0.218740
1.039039 0.218740
1.033766 0.213468
1.033766 0.011226
1.035494 0.009498
1.181378 0.009498
1.182603 0.010722
1.182603 0.216694


1.222680 0.221710
1.220297 0.224092
1.078828 0.224092
1.073424 0.218689
1.073424 0.012781
1.075475 0.010730
1.221328 0.010730
1.222680 0.012082
1.222680 0.221710


1.262752 0.226844
1.260021 0.229575
1.118608 0.229575
1.113066 0.224032
1.113066 0.014472
1.115452 0.012086
1.261264 0.012086
1.262752 0.013574
1.262752 0.226844


1.302819 0.232102
1.299726 0.235196
1.158380 0.235196
1.152690 0.229506
1.152690 0.016308
1.155425 0.013573
1.301186 0.013573
1.302819 0.015206
1.302819 0.232102


1.302817 0.232098
1.299720 0.235195
1.192372 0.235195
1.192294 0.235118
1.192294 0.018297
1.195392 0.015200
1.302740 0.015200
1.302817 0.015277
1.302817 0.232098


1.362913 0.243344
1.362350 0.243906
1.201003 0.243906
1.192293 0.235196
1.192293 0.015199
1.192293 0.015199
1.360350 0.015199
1.362913 0.017762
1.362913 0.243344


1.422985 0.251800
1.421815 0.252970
1.260739 0.252970
1.251660 0.243890
1.251660 0.018490
1.252231 0.017919
1.420062 0.017919
1.422985 0.020841
1.422985 0.251800


1.483036 0.260597
1.481220 0.262413
1.320447 0.262413
1.310973 0.252939
1.310973 0.022174
1.312152 0.020995
1.479727 0.020995
1.483036 0.024304
1.483036 0.260597


1.543063 0.269755
1.540560 0.272257
1.380121 0.272257
1.370228 0.262365
1.370228 0.026278
1.372052 0.024454
1.539343 0.024454
1.543063 0.028173
1.543063 0.269755


1.603060 0.279295
1.599828 0.282527
1.439753 0.282527
1.429418 0.272192
1.429418 0.030828
1.431928 0.028318
1.598905 0.028318
1.603060 0.032473
1.603060 0.279295


1.663023 0.289237
1.659016 0.293244
1.499336 0.293244
1.488536 0.282444
1.488536 0.035849
1.491774 0.032611
1.658409 0.032611
1.663023 0.037226
1.663023 0.289237


1.722947 0.299600
1.718118 0.304429
1.558862 0.304429
1.547574 0.293141
1.547574 0.041367
1.551586 0.037355
1.717850 0.037355
1.722947 0.042453
1.722947 0.299600


1.782826 0.310401
1.777126 0.316101
1.618323 0.316101
1.606527 0.304305
1.606527 0.047405
1.611359 0.042573
1.777223 0.042573
1.782826 0.048176
1.782826 0.310401


1.842654 0.321658
1.836030 0.328281
1.677711 0.328281
1.665385 0.315955
1.665385 0.053986
1.671086 0.048284
1.836524 0.048284
1.842654 0.054414
1.842654 0.321658


1.902423 0.333388
1.894824 0.340987
1.737015 0.340987
1.724140 0.328112
1.724140 0.061132
1.730762 0.054510
1.895746 0.054510
1.902423 0.061187
1.902423 0.333388


1.902395 0.333387
1.894799 0.340983
1.782975 0.340983
1.782784 0.340793
1.782784 0.068864
1.790380 0.061268
1.902205 0.061268
1.902395 0.061458
1.902395 0.333387


1.922306 0.345006
1.921969 0.345343
1.787138 0.345343
1.782783 0.340987
1.782783 0.061263
1.782783 0.061263
1.919955 0.061263
1.922306 0.063615
1.922306 0.345006


1.942207 0.349077
1.941527 0.349757
1.806728 0.349757
1.802305 0.345334
1.802305 0.063974
1.802641 0.063637
1.939786 0.063637
1.942207 0.066059
1.942207 0.349077


1.962100 0.353201
1.961072 0.354229
1.826303 0.354229
1.821813 0.349739
1.821813 0.066751
1.822493 0.066072
1.959611 0.066072
1.962100 0.068561
1.962100 0.353201


1.981986 0.357376
1.980604 0.358759
1.845865 0.358759
1.841309 0.354203
1.841309 0.069593
1.842337 0.068565
1.979429 0.068565
1.981986 0.071122
1.981986 0.357376


2.001865 0.361602
2.000122 0.363344
1.865412 0.363344
1.860791 0.358724
1.860791 0.072498
1.862173 0.071116
1.999241 0.071116
2.001865 0.073740
2.001865 0.361602


2.021736 0.365877
2.019628 0.367985
1.884945 0.367985
1.880261 0.363300
1.880261 0.075466
1.882002 0.073725
2.019047 0.073725
2.021736 0.076414
2.021736 0.365877


2.041599 0.370200
2.039120 0.372679
1.904465 0.372679
1.899717 0.367931
1.899717 0.078496
1.901824 0.076389
2.038846 0.076389
2.041599 0.079142
2.041599 0.370200


2.061455 0.374571
2.058600 0.377426
1.923970 0.377426
1.919161 0.372616
1.919161 0.081585
1.921639 0.079107
2.058638 0.079107
2.061455 0.081924
2.061455 0.374571


2.081304 0.378987
2.078068 0.382224
1.943462 0.382224
1.938592 0.377354
1.938592 0.084733
1.941446 0.081879
2.078425 0.081879
2.081304 0.084759
2.081304 0.378987


2.101145 0.383449
2.097523 0.387072
1.962940 0.387072
1.958010 0.382142
1.958010 0.087939
1.961245 0.084704
2.098205 0.084704
2.101145 0.087644
2.101145 0.383449


2.101142 0.383450
2.097521 0.387071
1.977507 0.387071
1.977416 0.386981
1.977416 0.091201
1.981037 0.087579
2.101052 0.087579
2.101142 0.087670
2.101142 0.383450


2.200331 0.410024
2.198295 0.412060
2.002403 0.412060
1.977415 0.387072
1.977415 0.087578
1.977415 0.087578
2.185780 0.087578
2.200331 0.102129
2.200331 0.410024


2.299239 0.434032
2.295074 0.438197
2.100469 0.438197
2.074261 0.411989
2.074261 0.104699
2.076266 0.102694
2.283417 0.102694
2.299239 0.118516
2.299239 0.434032


2.397951 0.459045
2.391545 0.465451
2.198177 0.465451
2.170799 0.438073
2.170799 0.123130
2.174927 0.119002
2.380908 0.119002
2.397951 0.136045
2.397951 0.459045


2.496463 0.485013
2.487709 0.493767
2.295525 0.493767
2.267029 0.465270
2.267029 0.142812
2.273393 0.136448
2.478249 0.136448
2.496463 0.154662
2.496463 0.485013


2.594774 0.511887
2.583571 0.523090
2.392515 0.523090
2.362953 0.493528
2.362953 0.163687
2.371660 0.154979
2.575442 0.154979
2.594774 0.174312
2.594774 0.511887


2.692884 0.539617
2.679137 0.553364
2.489150 0.553364
2.458576 0.522789
2.458576 0.185693
2.469728 0.174540
2.672486 0.174540
2.692884 0.194938
2.692884 0.539617


2.790796 0.568152
2.774415 0.584532
2.585435 0.584532
2.553903 0.553000
2.553903 0.208768
2.567597 0.195074
2.769387 0.195074
2.790796 0.216483
2.790796 0.568152


2.888514 0.597440
2.869415 0.616539
2.681379 0.616539
2.648943 0.584103
2.648943 0.232851
2.665269 0.216525
2.866149 0.216525
2.888514 0.238890
2.888514 0.597440


2.986043 0.627431
2.964149 0.649325
2.776989 0.649325
2.743705 0.616041
2.743705 0.257878
2.762748 0.238835
2.962778 0.238835
2.986043 0.262101
2.986043 0.627431


3.083392 0.658072
3.058629 0.682835
2.872278 0.682835
2.838201 0.648758
2.838201 0.283786
2.860041 0.261946
3.059283 0.261946
3.083392 0.286056
3.083392 0.658072


3.083306 0.658106
3.058598 0.682815
2.933064 0.682815
2.932445 0.682197
2.932445 0.310509
2.957154 0.285801
3.082688 0.285801
3.083306 0.286419
3.083306 0.658106

